OrderID,ProductID,Quantity,OrderDate
11,1,2,01-15-2024
12,3,3,01-16-2024
13,5,1,01-17-2024
14,6,5,01-18-2024
15,2,6,01-19-2024
16,17,2,01-20-2024
17,18,1,01-20-2024
18,23,2,01-20-2024
19,24,3,01-21-2024
20,33,1,01-22-2024
21,26,1,01-21-2025
22,1,1,01-22-2025
23,1,2,01-21-2026
24,2,3,01-22-2026
25,19,2,01-21-2027
26,35,4,01-22-2027
27,22,1,01-21-2028
28,1,2,01-22-2028
29,6,3,01-21-2029
30,7,4,01-22-2029
31,8,2,02-13-2024
32,18,1,02-14-2024
33,5,5,02-13-2025
34,27,2,02-14-2025
35,37,3,02-13-2026
36,2,4,02-14-2026
37,4,5,02-13-2027
38,15,1,02-14-2027
39,23,2,02-13-2028
40,22,1,02-14-2028
41,14,3,02-13-2029
42,1,2,02-14-2029
43,2,1,02-13-2030
44,7,2,02-14-2030
45,18,3,02-13-2031
46,23,1,02-14-2031
47,11,2,02-13-2032
48,12,3,02-14-2032
49,2,1,02-13-2033
50,5,2,02-14-2033
51,36,2,02-13-2034
52,51,1,02-14-2034
53,33,1,02-13-2035
54,2,2,02-14-2035
55,1,1,02-13-2036
56,2,2,02-14-2036
57,7,3,02-13-2037
58,7,1,02-14-2037
59,6,2,02-13-2038
60,2,3,02-14-2038
61,11,1,02-13-2039
